0.49875311720698257
0.48877805486284287
0.4912718204488778
0.4713216957605985
0.4912718204488778
0.5037406483790524
0.49625935162094764
0.48129675810473815
0.486284289276808
0.4713216957605985
0.4688279301745636
0.46633416458852867
0.4713216957605985
0.4912718204488778
0.4937655860349127
0.486284289276808
0.48129675810473815
0.47880299251870323
0.4912718204488778
0.4688279301745636
0.4937655860349127
0.48877805486284287
0.4837905236907731
0.4912718204488778
0.5037406483790524
0.4763092269326683
0.47880299251870323
0.48129675810473815
0.4837905236907731
0.5037406483790524
0.5037406483790524
0.4837905236907731
0.48877805486284287
0.4837905236907731
0.486284289276808
0.49875311720698257
0.4937655860349127
0.4937655860349127
0.49625935162094764
0.47880299251870323
0.5037406483790524
0.5012468827930174
0.47880299251870323
0.47880299251870323
0.4912718204488778
0.4937655860349127
0.5012468827930174
0.4937655860349127
0.4937655860349127
0.49625935162094764
0.4937655860349127
0.48129675810473815
0.5012468827930174
0.47880299251870323
0.48877805486284287
0.486284289276808
0.486284289276808
0.48129675810473815
0.49625935162094764
0.48877805486284287
0.4912718204488778
0.47880299251870323
0.49625935162094764
0.49875311720698257
0.4912718204488778
0.4763092269326683
0.4837905236907731
0.49875311720698257
0.486284289276808
0.5012468827930174
0.4937655860349127
0.5012468827930174
0.5012468827930174
0.4763092269326683
0.486284289276808
0.5012468827930174
0.4937655860349127
0.4912718204488778
0.49625935162094764
0.5012468827930174
0.49875311720698257
0.5062344139650873
0.5062344139650873
0.5012468827930174
0.5037406483790524
0.516209476309227
0.4937655860349127
0.4912718204488778
0.49875311720698257
0.49875311720698257
0.4912718204488778
0.4837905236907731
0.49625935162094764
0.4937655860349127
0.5012468827930174
0.47880299251870323
0.5012468827930174
0.486284289276808
0.4937655860349127
0.486284289276808
0.5087281795511222
0.5112219451371571
0.5062344139650873
0.5062344139650873
0.513715710723192
0.5012468827930174
0.49625935162094764
0.49875311720698257
0.5037406483790524
0.5112219451371571
0.4937655860349127
0.4937655860349127
0.5037406483790524
0.5012468827930174
0.5012468827930174
0.5112219451371571
0.4912718204488778
0.49875311720698257
0.4937655860349127
0.5037406483790524
0.4912718204488778
0.48877805486284287
0.5062344139650873
0.5087281795511222
0.5236907730673317
0.49625935162094764
0.5112219451371571
0.486284289276808
0.4912718204488778
0.49625935162094764
0.49875311720698257
0.5087281795511222
0.5087281795511222
0.513715710723192
0.5037406483790524
0.49875311720698257
0.49625935162094764
0.5112219451371571
0.5112219451371571
0.516209476309227
0.4937655860349127
0.5112219451371571
0.47381546134663344
0.5012468827930174
0.5112219451371571
0.49625935162094764
0.5112219451371571
0.5112219451371571
0.5112219451371571
0.4912718204488778
0.49875311720698257
0.5112219451371571
0.516209476309227
0.5112219451371571
0.5012468827930174
0.5112219451371571
0.5112219451371571
0.516209476309227
0.4837905236907731
0.5087281795511222
0.5236907730673317
0.5062344139650873
0.5112219451371571
0.4912718204488778
0.513715710723192
0.49875311720698257
0.5037406483790524
0.5236907730673317
0.5087281795511222
0.5062344139650873
0.5311720698254364
0.5012468827930174
0.5286783042394015
0.5062344139650873
0.49875311720698257
0.513715710723192
0.5087281795511222
0.5211970074812967
0.49625935162094764
0.49625935162094764
0.516209476309227
0.49625935162094764
0.5062344139650873
0.5062344139650873
0.5062344139650873
0.49875311720698257
0.5261845386533666
0.5211970074812967
0.5037406483790524
0.513715710723192
0.5261845386533666
0.5062344139650873
0.5236907730673317
0.5062344139650873
0.5012468827930174
0.5037406483790524
0.4688279301745636
0.48877805486284287
0.4763092269326683
0.49625935162094764
0.4912718204488778
0.4912718204488778
0.4912718204488778
0.4713216957605985
0.48877805486284287
0.486284289276808
0.48877805486284287
0.4912718204488778
0.47880299251870323
0.4912718204488778
0.4937655860349127
0.486284289276808
0.48129675810473815
0.48877805486284287
0.5087281795511222
0.49625935162094764
0.5062344139650873
0.5012468827930174
0.486284289276808
0.5062344139650873
0.4937655860349127
0.48877805486284287
0.49875311720698257
0.47880299251870323
0.49875311720698257
0.4937655860349127
0.5087281795511222
0.4937655860349127
0.5087281795511222
0.47880299251870323
0.5012468827930174
0.48877805486284287
0.5012468827930174
0.49875311720698257
0.5012468827930174
0.5012468827930174
0.4937655860349127
0.49875311720698257
0.49875311720698257
0.49625935162094764
0.5012468827930174
0.4937655860349127
0.49875311720698257
0.5187032418952618
0.5062344139650873
0.5012468827930174
0.5062344139650873
0.49875311720698257
0.48877805486284287
0.48129675810473815
0.5012468827930174
0.48129675810473815
0.5062344139650873
0.4912718204488778
0.4763092269326683
0.5187032418952618
0.49875311720698257
0.5087281795511222
0.5062344139650873
0.5037406483790524
0.5112219451371571
0.49625935162094764
0.49875311720698257
0.49625935162094764
0.5012468827930174
0.49875311720698257
0.49875311720698257
0.49875311720698257
0.5187032418952618
0.513715710723192
0.49875311720698257
0.5037406483790524
0.5012468827930174
0.49875311720698257
0.5012468827930174
0.49625935162094764
0.516209476309227
0.4937655860349127
0.5112219451371571
0.5062344139650873
0.5062344139650873
0.4937655860349127
0.5062344139650873
0.5062344139650873
0.5012468827930174
0.5187032418952618
0.4937655860349127
0.4937655860349127
0.5087281795511222
0.5062344139650873
0.4937655860349127
0.48877805486284287
0.5037406483790524
0.5037406483790524
0.5236907730673317
0.49625935162094764
0.5112219451371571
0.49625935162094764
0.5037406483790524
0.5087281795511222
0.49625935162094764
0.5062344139650873
0.5037406483790524
0.49625935162094764
0.5012468827930174
0.5012468827930174
0.49875311720698257
0.5012468827930174
0.5037406483790524
0.516209476309227
0.5062344139650873
0.4912718204488778
0.5012468827930174
0.5112219451371571
0.5187032418952618
0.5062344139650873
0.5087281795511222
0.49625935162094764
0.5037406483790524
0.4912718204488778
0.47880299251870323
0.513715710723192
0.5112219451371571
0.49625935162094764
0.5087281795511222
0.4937655860349127
0.49875311720698257
0.513715710723192
0.5062344139650873
0.516209476309227
0.5037406483790524
0.49875311720698257
0.49625935162094764
0.5012468827930174
0.5087281795511222
0.4937655860349127
0.49875311720698257
0.5062344139650873
0.5112219451371571
0.5062344139650873
0.49875311720698257
0.5112219451371571
0.5236907730673317
0.4937655860349127
0.513715710723192
0.5062344139650873
0.5112219451371571
0.516209476309227
0.5062344139650873
0.5012468827930174
0.5211970074812967
0.5112219451371571
0.5062344139650873
0.5087281795511222
0.5062344139650873
0.513715710723192
0.49625935162094764
0.5286783042394015
0.513715710723192
0.5062344139650873
0.5012468827930174
0.5037406483790524
0.4912718204488778
0.5087281795511222
0.49875311720698257
0.5037406483790524
0.49875311720698257
0.48877805486284287
0.5187032418952618
0.513715710723192
0.513715710723192
0.5236907730673317
0.5037406483790524
0.5112219451371571
0.5112219451371571
0.5062344139650873
0.5112219451371571
0.5211970074812967
0.5112219451371571
0.49875311720698257
0.5012468827930174
0.5037406483790524
0.516209476309227
0.5012468827930174
0.5112219451371571
0.513715710723192
0.5012468827930174
0.5062344139650873
0.4339152119700748
0.4837905236907731
0.46633416458852867
0.456359102244389
0.48129675810473815
0.4837905236907731
0.4937655860349127
0.49875311720698257
0.4912718204488778
0.4937655860349127
0.4912718204488778
0.49625935162094764
0.486284289276808
0.49875311720698257
0.4837905236907731
0.5087281795511222
0.48877805486284287
0.486284289276808
0.4912718204488778
0.4937655860349127
0.4912718204488778
0.49875311720698257
0.4912718204488778
0.49625935162094764
0.513715710723192
0.4937655860349127
0.5037406483790524
0.486284289276808
0.4912718204488778
0.48877805486284287
0.48877805486284287
0.49625935162094764
0.5062344139650873
0.5012468827930174
0.4937655860349127
0.486284289276808
0.4912718204488778
0.5112219451371571
0.5012468827930174
0.5037406483790524
0.513715710723192
0.5062344139650873
0.5062344139650873
0.5211970074812967
0.5062344139650873
0.49875311720698257
0.5037406483790524
0.4937655860349127
0.49875311720698257
0.49875311720698257
0.49625935162094764
0.49875311720698257
0.4937655860349127
0.5037406483790524
0.486284289276808
0.49875311720698257
0.516209476309227
0.49875311720698257
0.5037406483790524
0.49875311720698257
0.5062344139650873
0.49875311720698257
0.5012468827930174
0.48877805486284287
0.49625935162094764
0.49625935162094764
0.5012468827930174
0.5037406483790524
0.5062344139650873
0.5087281795511222
0.5012468827930174
0.5012468827930174
0.49625935162094764
0.5062344139650873
0.49625935162094764
0.5062344139650873
0.5037406483790524
0.4912718204488778
0.49625935162094764
0.48877805486284287
0.5012468827930174
0.5037406483790524
0.5012468827930174
0.4912718204488778
0.4937655860349127
0.5087281795511222
0.5012468827930174
0.5112219451371571
0.4937655860349127
0.5012468827930174
0.5062344139650873
0.48877805486284287
0.49625935162094764
0.5037406483790524
0.513715710723192
0.49875311720698257
0.5087281795511222
0.49875311720698257
0.4912718204488778
0.5012468827930174
0.49875311720698257
0.5037406483790524
0.49875311720698257
0.5012468827930174
0.5037406483790524
0.5012468827930174
0.4937655860349127
0.5261845386533666
0.5087281795511222
0.49625935162094764
0.5037406483790524
0.5112219451371571
0.516209476309227
0.5087281795511222
0.4937655860349127
0.5211970074812967
0.5062344139650873
0.49875311720698257
0.513715710723192
0.4912718204488778
0.513715710723192
0.5112219451371571
0.5037406483790524
0.49875311720698257
0.49625935162094764
0.49625935162094764
0.5062344139650873
0.5211970074812967
0.5112219451371571
0.49625935162094764
0.516209476309227
0.5112219451371571
0.513715710723192
0.49625935162094764
0.5261845386533666
0.4912718204488778
0.48877805486284287
0.513715710723192
0.49875311720698257
0.5187032418952618
0.5062344139650873
0.5112219451371571
0.4937655860349127
0.5087281795511222
0.516209476309227
0.5112219451371571
0.49625935162094764
0.49625935162094764
0.5112219451371571
0.48877805486284287
0.5236907730673317
0.5062344139650873
0.513715710723192
0.4937655860349127
0.5087281795511222
0.513715710723192
0.49875311720698257
0.5112219451371571
0.5112219451371571
0.47880299251870323
0.49875311720698257
0.516209476309227
0.5012468827930174
0.5087281795511222
0.5012468827930174
0.516209476309227
0.5261845386533666
0.5037406483790524
0.5112219451371571
0.5261845386533666
0.5087281795511222
0.5187032418952618
0.49875311720698257
0.5087281795511222
0.5087281795511222
0.5062344139650873
0.5087281795511222
0.5187032418952618
0.5062344139650873
0.516209476309227
0.5087281795511222
0.5112219451371571
0.5037406483790524
0.513715710723192
0.5087281795511222
0.5087281795511222
0.5037406483790524
0.49875311720698257
0.5062344139650873
0.516209476309227
0.5112219451371571
0.5112219451371571
0.513715710723192
0.5236907730673317
0.46633416458852867
0.4912718204488778
0.48129675810473815
0.48129675810473815
0.4763092269326683
0.49875311720698257
0.5187032418952618
0.5012468827930174
0.486284289276808
0.4763092269326683
0.4763092269326683
0.49625935162094764
0.513715710723192
0.5236907730673317
0.5211970074812967
0.5087281795511222
0.49875311720698257
0.4837905236907731
0.5012468827930174
0.513715710723192
0.47880299251870323
0.5087281795511222
0.4713216957605985
0.49875311720698257
0.49875311720698257
0.48129675810473815
0.4912718204488778
0.49625935162094764
0.49625935162094764
0.47381546134663344
0.4937655860349127
0.486284289276808
0.5112219451371571
0.5087281795511222
0.516209476309227
0.5112219451371571
0.4912718204488778
0.4937655860349127
0.49625935162094764
0.486284289276808
0.513715710723192
0.5037406483790524
0.5261845386533666
0.49625935162094764
0.486284289276808
0.5062344139650873
0.4763092269326683
0.47880299251870323
0.49625935162094764
0.5087281795511222
0.4937655860349127
0.49625935162094764
0.4937655860349127
0.47880299251870323
0.49625935162094764
0.4937655860349127
0.513715710723192
0.49875311720698257
0.5112219451371571
0.5012468827930174
0.4837905236907731
0.4912718204488778
0.49625935162094764
0.49625935162094764
0.5062344139650873
0.5087281795511222
0.5112219451371571
0.516209476309227
0.5187032418952618
0.4912718204488778
0.513715710723192
0.5087281795511222
0.5211970074812967
0.5112219451371571
0.5112219451371571
0.5012468827930174
0.516209476309227
0.5037406483790524
0.5087281795511222
0.49625935162094764
0.48877805486284287
0.5037406483790524
0.49875311720698257
0.5112219451371571
0.5062344139650873
0.4912718204488778
0.5087281795511222
0.4937655860349127
0.4912718204488778
0.49875311720698257
0.5062344139650873
0.5062344139650873
0.4837905236907731
0.513715710723192
0.5012468827930174
0.5087281795511222
0.486284289276808
0.5112219451371571
0.4837905236907731
0.5012468827930174
0.49625935162094764
0.49875311720698257
0.49625935162094764
0.5112219451371571
0.516209476309227
0.516209476309227
0.49625935162094764
0.4937655860349127
0.5062344139650873
0.4937655860349127
0.4937655860349127
0.4912718204488778
0.5037406483790524
0.5087281795511222
0.5112219451371571
0.4937655860349127
0.5087281795511222
0.5037406483790524
0.5112219451371571
0.5037406483790524
0.5087281795511222
0.5037406483790524
0.516209476309227
0.5062344139650873
0.4937655860349127
0.49625935162094764
0.4937655860349127
0.516209476309227
0.5087281795511222
0.49625935162094764
0.49625935162094764
0.49625935162094764
0.5187032418952618
0.516209476309227
0.516209476309227
0.5062344139650873
0.49625935162094764
0.47880299251870323
0.5062344139650873
0.48877805486284287
0.5012468827930174
0.516209476309227
0.5087281795511222
0.5187032418952618
0.516209476309227
0.5037406483790524
0.5037406483790524
0.516209476309227
0.5087281795511222
0.5261845386533666
0.5112219451371571
0.5062344139650873
0.5012468827930174
0.5087281795511222
0.5037406483790524
0.49875311720698257
0.516209476309227
0.5087281795511222
0.5012468827930174
0.513715710723192
0.5062344139650873
0.5062344139650873
0.4912718204488778
0.5037406483790524
0.5112219451371571
0.5087281795511222
0.4937655860349127
0.5012468827930174
0.49875311720698257
0.5187032418952618
0.5087281795511222
0.513715710723192
0.5037406483790524
0.5062344139650873
0.5087281795511222
0.513715710723192
0.5211970074812967
0.5062344139650873
0.49875311720698257
0.5012468827930174
0.49875311720698257
0.49875311720698257
0.5012468827930174
0.513715710723192
0.5037406483790524
0.5062344139650873
0.5211970074812967
0.516209476309227
0.49875311720698257
0.49875311720698257
0.5012468827930174
0.5062344139650873
0.5062344139650873
0.513715710723192
0.4912718204488778
0.5012468827930174
0.48129675810473815
0.4713216957605985
0.49625935162094764
0.5012468827930174
0.49875311720698257
0.4937655860349127
0.516209476309227
0.5087281795511222
0.47880299251870323
0.516209476309227
0.5211970074812967
0.5062344139650873
0.4937655860349127
0.4713216957605985
0.5062344139650873
0.5311720698254364
0.4937655860349127
0.5037406483790524
0.48877805486284287
0.4837905236907731
0.5062344139650873
0.4937655860349127
0.5012468827930174
0.48129675810473815
0.5062344139650873
0.49875311720698257
0.49875311720698257
0.5062344139650873
0.4937655860349127
0.48877805486284287
0.5037406483790524
0.5112219451371571
0.4937655860349127
0.5012468827930174
0.47880299251870323
0.5236907730673317
0.5012468827930174
0.48877805486284287
0.48877805486284287
0.48877805486284287
0.4912718204488778
0.516209476309227
0.516209476309227
0.513715710723192
0.5211970074812967
0.5087281795511222
0.486284289276808
0.5062344139650873
0.5112219451371571
0.5012468827930174
0.5012468827930174
0.4937655860349127
0.49625935162094764
0.4837905236907731
0.5037406483790524
0.48877805486284287
0.49875311720698257
0.49875311720698257
0.5087281795511222
0.4937655860349127
0.4912718204488778
0.49875311720698257
0.49875311720698257
0.5087281795511222
0.5112219451371571
0.4937655860349127
0.5112219451371571
0.4912718204488778
0.4912718204488778
0.5087281795511222
0.47880299251870323
0.4937655860349127
0.5236907730673317
0.48129675810473815
0.4912718204488778
0.5112219451371571
0.5087281795511222
0.4937655860349127
0.49875311720698257
0.5112219451371571
0.5386533665835411
0.49875311720698257
0.49875311720698257
0.49875311720698257
0.486284289276808
0.4912718204488778
0.48877805486284287
0.5112219451371571
0.4912718204488778
0.4912718204488778
0.5087281795511222
0.49625935162094764
0.5062344139650873
0.5062344139650873
0.49625935162094764
0.5012468827930174
0.5087281795511222
0.5087281795511222
0.5112219451371571
0.4937655860349127
0.5062344139650873
0.513715710723192
0.49875311720698257
0.5087281795511222
0.49625935162094764
0.5012468827930174
0.4912718204488778
0.48877805486284287
0.49875311720698257
0.5087281795511222
0.5087281795511222
0.5012468827930174
0.5062344139650873
0.4912718204488778
0.5236907730673317
0.5087281795511222
0.5112219451371571
0.48877805486284287
0.4912718204488778
0.5037406483790524
0.49875311720698257
0.5037406483790524
0.49625935162094764
0.49875311720698257
0.5012468827930174
0.513715710723192
0.49875311720698257
0.5112219451371571
0.5087281795511222
0.513715710723192
0.49625935162094764
0.5112219451371571
0.486284289276808
0.5211970074812967
0.5062344139650873
0.5012468827930174
0.5187032418952618
0.5012468827930174
0.5087281795511222
0.48877805486284287
0.5187032418952618
0.513715710723192
0.5187032418952618
0.5062344139650873
0.5211970074812967
0.5037406483790524
0.5037406483790524
0.5087281795511222
0.516209476309227
0.5037406483790524
0.49875311720698257
0.516209476309227
0.4937655860349127
0.5062344139650873
0.5236907730673317
0.5112219451371571
0.4937655860349127
0.513715710723192
0.5112219451371571
0.5112219451371571
0.513715710723192
0.4937655860349127
0.5037406483790524
0.5211970074812967
0.48877805486284287
0.49625935162094764
0.5187032418952618
0.5112219451371571
0.5087281795511222
0.5012468827930174
0.5012468827930174
0.5062344139650873
0.49625935162094764
0.5012468827930174
0.5211970074812967
0.5062344139650873
0.5037406483790524
0.5062344139650873
0.5087281795511222
0.5187032418952618
0.5037406483790524
0.5087281795511222
0.5062344139650873
0.5062344139650873
0.5037406483790524
0.5062344139650873
0.513715710723192
0.513715710723192
0.513715710723192
0.516209476309227
0.5236907730673317
0.5087281795511222
